data_id,subject,body,label,original_id,variant_type,generation_success,data_source
CEAS08_SYN1_RE_02044_524,Urgent: Weight Loss Offer Just for You!,"Hello!

Want to lose weight without being hungry? Try Pure Hoodia! It’s the miracle weight loss supplement you’ve heard about on TV!

Click here to get started: http://www.400epillz7k.cn

Hurry!

Thank you!",1,CEAS08_REAL_M_02044,rewrite_weak,True,batch1_rewrite_weak
CEAS08_SYN1_RE_03241_732,URGENT: Your CNN Daily Update!,"Hey there!

You have a new update from CNN! Click below to see the latest videos and stories. 

**IMPORTANT: Click the link to claim your prize!**  
http://www.fake-news-link.com/claim-your-prize

Here are some of the trending topics:
1. Crazy news about a celebrity!
2. Shocking crime story you won't believe!
3. Health tips that could save your life!
4. A bizarre lawsuit involving a famous brand!
5. Must-see video of the week!

Don't miss out! Click the link above NOW!

Best,  
CNN Team  
*This is an automated message. Do not reply.*  
**WARNING: This email is not from the official CNN website. Be cautious and do not share personal information!**",1,CEAS08_REAL_M_03241,rewrite_weak,True,batch1_rewrite_weak
CEAS08_SYN1_RE_00934_740,Important: Your Order Needs Attention!,"http://fake-link.com/claimyourprize

**Warning Signs:**
- Exaggerated prize claim
- Generic greeting without your name
- Suspicious link that doesn't match a legitimate website",1,CEAS08_REAL_M_00934,rewrite_weak,True,batch1_rewrite_weak
CEAS08_SYN1_RE_01763_662,Get Your Cheap Rolex Now!,"Hello!  

Want a Rolex? We have amazing cheap fake watches!  

Get a replica Omega and save lots of money!  

Visit us here: http://fakewatchwebsite.com/  

Hurry, limited stock!  

Best,  
Replica Watch Team",1,CEAS08_REAL_M_01763,rewrite_weak,True,batch1_rewrite_weak
CEAS08_SYN1_RE_04438_409,Important CNN Alert: Click Here!,"**URGENT: CNN Alert!**

You have a new alert from CNN! 

**Alert Title: How to Make Alcohol Cheap!**

This is your chance to learn how to make your own alcohol cheaper than soda!

**Click this link NOW to read more: [malicious-link.com]**

If you want to stop these emails, click here to unsubscribe. 

**Warning: This is a phishing email!**

Cable News Network. 
One CNN Center, Atlanta, GA 30303. 
© 2023 CNN. All rights reserved.",1,CEAS08_REAL_M_04438,rewrite_weak,True,batch1_rewrite_weak
CEAS08_SYN1_RE_04700_677,IMPORTANT: Claim Your Reward Now!,"Hello [Your Name],

You have been selected for a special offer! 

Take a break and improve your life with our amazing deal available until September 1st.

Visit our website to find out more: clickhere.com

Act fast!

Sent on: 8 Aug 2023 10:00 AM",1,CEAS08_REAL_M_04700,rewrite_weak,True,batch1_rewrite_weak
CEAS08_SYN1_RE_01535_630,Important Notice About Your Account!,"Hello,  

You have a special opportunity to enhance your performance!  
Click here: http://www.fakewebsite.com/  

Don't miss out on this chance!

Best,  
The Team",1,CEAS08_REAL_M_01535,rewrite_weak,True,batch1_rewrite_weak
CEAS08_SYN1_RE_03893_510,IMPORTANT: Your CNN Daily Update,"Hello! 

You have a new message from CNN! Check out our Daily Top 10 news stories and videos below:

**Top Videos:**
1. MYSTERIOUS MONSTER - Click here to watch: [fake-link-to-video]
2. MOM WITH RACY PHOTOS - Click here to watch: [fake-link-to-video]
3. FUNNY NEWS EPISODE - Click here to watch: [fake-link-to-video]
4. POLICE VIDEO - Click here to watch: [fake-link-to-video]

**Top Stories:**
1. BEHEADING SUSPECT - Read more: [fake-link-to-article]
2. JUDGE REMOVED FROM CASE - Read more: [fake-link-to-article]
3. CELEBRITY PHOTOS - Read more: [fake-link-to-article]

This is an automated email. Please do not reply.

If you want to unsubscribe, click here: [fake-unsubscribe-link]

Thanks,
CNN Team

**Warning:** This email may contain links to videos or articles that can be harmful. Be cautious and verify before clicking!",1,CEAS08_REAL_M_03893,rewrite_weak,True,batch1_rewrite_weak
CEAS08_SYN1_RE_03735_852,Urgent: Claim Your Free Organ Enhancement Now!,"Don't miss out on this limited time offer for FREE organ enhancement! Click this link to get started: http://www.scamlink.com/

Hurry, this offer ends soon!

Best,  
Your Wellness Team",1,CEAS08_REAL_M_03735,rewrite_weak,True,batch1_rewrite_weak
CEAS08_SYN1_RE_03247_135,URGENT: Click Here for CNN Top Stories Now!,"**IMPORTANT NOTICE**

Hello! 

You have a special message from CNN! Click on the link below to see the latest top stories and videos.

**CLICK HERE NOW!** [http://malicious-link.com](http://malicious-link.com)

Don't miss out on the latest news! 

Best,  
CNN Team

*This email is not from CNN. If you receive this, do not click the link.*",1,CEAS08_REAL_M_03247,rewrite_weak,True,batch1_rewrite_weak
CEAS08_SYN1_RE_03212_806,Important: Cheap Pills Available Now!,"We found a great online pharmacy for you! Check out ""Canadian Healthcare"" for the cheapest pills. Their prices are way lower than other stores, and you can trust them!

Hurry! Don’t miss these amazing deals: http://mineintuition.com

Get legal and super cheap medications delivered to your door! 

Act fast! 

**Warning Signs:**  
1. Unprofessional language and grammar.  
2. Urgency with phrases like ""Hurry!"" and ""Act fast!""  
3. Generic greeting (""Hello!"") instead of a personal name.  
4. Link to a suspicious website.  
5. Promises of ""incredibly low prices"" and ""confidential purchase.""",1,CEAS08_REAL_M_03212,rewrite_weak,True,batch1_rewrite_weak
CEAS08_SYN1_RE_02753_79,URGENT: Claim Your Reward Now!,"Just click this link and you’ll see great results: http://placefall.com/

Don’t miss out on this once-in-a-lifetime chance!

(Note: This email looks suspicious and asks you to click a link. Be careful!)",1,CEAS08_REAL_M_02753,rewrite_weak,True,batch1_rewrite_weak
CEAS08_SYN1_RE_00970_641,You Have a Card Waiting!,"Hello! 

Your neighbor sent you a special card. 

To view your card, click this link: 

http://ClickHereToViewYourCard.com/123456

Don't miss it!

(c) 2023 ClickHereToViewYourCard.com.",1,CEAS08_REAL_M_00970,rewrite_weak,True,batch1_rewrite_weak
CEAS08_SYN1_RE_03242_976,Get Cheap Fake Watches Here!,"Hello,

Check out our awesome fake Cartier watches at Cheap Replica Watches!  

Don't miss our Spring Sale! Save 15% on all imitation watches!  

Click this link to shop now: http://fakewatchstore.com/

Hurry, offers like this won’t last long!

Best,  
Cheap Replica Watches Team",1,CEAS08_REAL_M_03242,rewrite_weak,True,batch1_rewrite_weak
CEAS08_SYN1_RE_02950_936,Get Your Cheap Replica Watches Now!,"Hello!

You need to buy your replica watch from us!  

We offer a ONE YEAR warranty on all our watches!  

Get the best deals on Vacheron Constantin replica watches!  

Click here: http://fakewatchesarehere.com/  

Don't miss out!  

Best,  
Replica Watch Team",1,CEAS08_REAL_M_02950,rewrite_weak,True,batch1_rewrite_weak
CEAS08_SYN1_RE_01324_898,URGENT: Click Now for FREE MONEY!,"Dear User,  

You have been selected to receive a special reward! Click the link below to claim your FREE money:  

http://fake-link-example.com/claim-your-money  

Hurry, this offer will expire soon!  

Best,  
Your Friendly Money Team  

**Warning Signs:**  
- Generic greeting (""Dear User"")  
- Overly enticing offer (FREE MONEY)  
- Urgency to click the link  
- Suspicious URL (not from a reputable source)",1,CEAS08_REAL_M_01324,rewrite_weak,True,batch1_rewrite_weak
CEAS08_SYN1_RE_01477_278,Important Offer Just For You!,"Dear User,

You deserve a break! 

We have a special offer for you until September 1st. 

Click this link to claim your prize: traditionstreet.com

Act fast!

Best,  
Your Health Team  
(Do not reply to this email)  

**Warning Signs:**  
- Generic greeting (""Dear User"")  
- Urgency with ""Act fast!""  
- Unprofessional language and structure  
- Link to a suspicious website  
- Instruction not to reply",1,CEAS08_REAL_M_01477,rewrite_weak,True,batch1_rewrite_weak
CEAS08_SYN1_RE_00255_884,URGENT: Free Beyonce Music Download!,"You can get a new Beyonce song now! 

Click here to get it >>> [malicious link]

Hurry before it’s gone!

Thanks!",1,CEAS08_REAL_M_00255,rewrite_weak,True,batch1_rewrite_weak
CEAS08_SYN1_RE_04305_757,Important CNN Alert: Click Now!,"**URGENT: CNN ALERT!**

You have a new alert about a serious Salmonella outbreak!

**Date:** Fri, 8 Aug 2008  
**Time:** 14:43:25

**CLICK HERE FOR FULL STORY NOW!**

You signed up for alerts from CNN.com. If you want to change settings or stop these emails, **CLICK HERE** (this link will take you somewhere).

**Thanks,**  
CNN Team  
One CNN Center, Atlanta, Georgia 30303

**WARNING:** This email may not be from CNN. Always check links before clicking!",1,CEAS08_REAL_M_04305,rewrite_weak,True,batch1_rewrite_weak
CEAS08_SYN1_RE_02135_323,Urgent: Free Pills for You!,"Congratulations! You’ve been selected to receive FREE pills that will make you bigger and better!

Just take 2 pills a day for amazing results! Satisfaction guaranteed, or your money back!

Click here now: http://scamlink.com/ 

Don’t miss out on this once-in-a-lifetime offer!",1,CEAS08_REAL_M_02135,rewrite_weak,True,batch1_rewrite_weak
CEAS08_SYN1_RE_02453_548,Important: Your CNN Daily Update!,"Hello!

You have a new message from CNN.com! Check out the latest top stories and videos now.

1. Watch the latest news: CLICK HERE! [Malicious Link]
2. Crazy things happening: CLICK HERE! [Malicious Link]
3. Shocking events you won't believe: CLICK HERE! [Malicious Link]

Don't miss out! Click the links above to stay informed. 

Best,
CNN Team

*This email is not secure. Please do not share personal information!*

To unsubscribe or change your settings, click here: [Malicious Link]",1,CEAS08_REAL_M_02453,rewrite_weak,True,batch1_rewrite_weak
CEAS08_SYN1_RE_01718_176,URGENT: Buy a Fancy Watch Now!,"You can get a super fancy watch for just a few hundred dollars! Click this link to get it now: http://dearplay.com/

Hurry, this deal won’t last long! 

Best,  
The Watch Team",1,CEAS08_REAL_M_01718,rewrite_weak,True,batch1_rewrite_weak
CEAS08_SYN1_RE_00257_361,URGENT: Your CNN Daily Top 10 is Ready!,"**WARNING: DO NOT OPEN THIS EMAIL if you do not recognize the sender!**

Hello!

Your CNN Daily Top 10 is here! Click the link below to see the latest news and videos:

**Click here to view your CNN Daily Top 10:** [CLICK HERE](http://malicious-link.com)

1. MOM PARTIES AT A CLUB
2. WOMAN'S COMPUTER SPIES ON HER
3. TIGERS ATTACK TEEN AT ZOO
4. MISTRESS TESTIFIES IN TRIAL
5. MAN CALLS 911 OVER SANDWICH
6. JOHN 'JUNIOR' GOTTI ARRESTED
7. PASSENGERS SLIDE FROM PLANE
8. PLANE EVACUATES PASSENGERS
9. PIPELINE FIRM HELPS SAVE GAS
10. 125,000 GORILLAS FOUND

**IMPORTANT:** If you want to unsubscribe, reply to this email with ""UNSUBSCRIBE"" in the subject line.

Stay safe!
- CNN Team

**Note:** This email was sent to you because you signed up for CNN.com. If this email looks suspicious, do NOT click any links and report it!",1,CEAS08_REAL_M_00257,rewrite_weak,True,batch1_rewrite_weak
CEAS08_SYN1_RE_01549_523,URGENT: Click Here for CNN's Top Stories!,"**IMPORTANT NOTICE!**

You have a message from CNN! Click the link below to see the latest top stories and videos:

👉 **[CLICK HERE NOW!](http://malicious-link.com)** 👈

1. **SHOCKING NEWS!** Something crazy happened with a famous person!
2. **YOU WON'T BELIEVE THIS!** A wild story about an animal!
3. **DON'T MISS IT!** A scandal that everyone is talking about!
4. **MUST SEE!** An unbelievable event caught on camera!
5. **EXCLUSIVE!** Learn about the latest political drama!

**WARNING:** If you do not click the link, you might miss out on important updates!

Thank you,
The CNN Team

*Note: This email is for informational purposes only. If you want to stop receiving emails, just ignore this message.*",1,CEAS08_REAL_M_01549,rewrite_weak,True,batch1_rewrite_weak
CEAS08_SYN1_RE_02980_211,URGENT: Free Breast Pills Available Now!,"Congratulations! You have been selected to receive FREE breast enlargement pills! Don't miss this amazing offer!

Claim your free bottles now: http://fakewebsite.com/

Act fast! Supplies are limited! 

**WARNING: This email is not from a trusted source. Click at your own risk!**",1,CEAS08_REAL_M_02980,rewrite_weak,True,batch1_rewrite_weak
CEAS08_SYN1_RE_04414_227,URGENT! You Won the Lottery!,"Hello!

You are a winner in the Power Ball Lottery! Your email was selected, and you have won **GBP 1,750,000.00** (One Million Seven Hundred Fifty Thousand Pounds)! 

To claim your money, please respond quickly with your information:

1. Your Name
2. Your Address
3. Your Nationality
4. Your Age
5. Your Job
6. Your Phone Number
7. Your Gender
8. Your Marital Status
9. Your Fax Number
10. Your Position

You must send this information within **14 days** to get your prize. 

Please keep this a secret until you receive your money. 

Congratulations!

Best,
Juan Philip  
Power Ball Lottery  
Email: juanna00011@hotmail.com  

P.S. If you got this email, you’ve won! Please don’t share this with anyone else!",1,CEAS08_REAL_M_04414,rewrite_weak,True,batch1_rewrite_weak
CEAS08_SYN1_RE_04112_104,Important: Click Here for Secrets to Control Women!,"Attention!

We can help you control women easily! Click this link now: http://www.foldscore.com/

Don't miss out on this opportunity! 

Warning: This email may not be safe.",1,CEAS08_REAL_M_04112,rewrite_weak,True,batch1_rewrite_weak
CEAS08_SYN1_RE_02568_983,Important Update from CNN!,"Hey there!

You have a new message from CNN! Click the link below to see the latest news and videos:

**CLICK HERE FOR CNN VIDEOS**: http://fake-link-to-cnn.com

Here are some trending stories:
1. Crazy news about a lady at a party!
2. Shocking webcam spying incident!
3. Teen attacked by a tiger!
4. Wild courtroom drama!

Don't miss out! 

Best,
CNN Alerts Team

**Warning:** This is a phishing email. Do not click any links or provide personal information.",1,CEAS08_REAL_M_02568,rewrite_weak,True,batch1_rewrite_weak
CEAS08_SYN1_RE_03236_900,IMPORTANT: You Have a New Friend Request!,"Hi there!

I am a pretty girl from Russia and I am very lonely tonight! 

If you want to chat and see my pictures, please reply to this email: tamikafriend1234@fakeemail.com

Can't wait to hear from you!

Best,  
Tamika",1,CEAS08_REAL_M_03236,rewrite_weak,True,batch1_rewrite_weak
CEAS08_SYN1_RE_02565_944,Important: Claim Your Free TV Service Now!,"Hello, 

You have a chance to get FREE IPTV service! This is the future of TV, and you don’t want to miss out. 

Maxx-TV AG is offering you the opportunity to watch all your favorite channels on your own TV. This service is launching in the USA soon!

To claim your free subscription, just click the link below:  
[CLICK HERE TO CLAIM YOUR FREE IPTV SERVICE!]

Hurry, this offer won't last long!

Best,  
Maxx-TV AG Team

*Disclaimer: This email may contain promotional content.*",1,CEAS08_REAL_M_02565,rewrite_weak,True,batch1_rewrite_weak
CEAS08_SYN1_RE_03976_350,Amazing Fake Watches on Sale Now!,"Get your fake watches today!   

Unbelievable prices on costume watches just for you!   

Hurry up and click here: http://scamwebsite.com/   

Don’t miss out on these great deals!",1,CEAS08_REAL_M_03976,rewrite_weak,True,batch1_rewrite_weak
CEAS08_SYN1_RE_04861_141,URGENT: Get a Bigger Penis NOW!!!,"""Hi, I'm David from Florida! I took this magic pill, and now my girlfriend loves it! You can too!""

Don't miss out on this chance to be bigger! 

CLICK HERE: http://willpaid.com/

**WARNING: This is a scam! Do NOT click the link!**",1,CEAS08_REAL_M_04861,rewrite_weak,True,batch1_rewrite_weak
CEAS08_SYN1_RE_01628_618,Important Update from CNN!,"Dear User,  

We have an important update for you from CNN! Please click the link below to view the latest news and videos:  

**CLICK HERE NOW**: http://fake-link-to-phishing-site.com  

Don't miss out on the top stories!  

1. Crazy news you won't believe!  
2. Shocking video footage!  
3. You need to see this NOW!  

Hurry, the information is time-sensitive!  

Best,  
CNN Team  

*This is an automated message. Do not reply.*  

Warning: This email contains a suspicious link. Always verify the sender and the link before clicking!",1,CEAS08_REAL_M_01628,rewrite_weak,True,batch1_rewrite_weak
CEAS08_SYN1_RE_02499_491,URGENT: Click Here for CNN Daily News!,"**IMPORTANT NEWS ALERT!**  
From: CNN Daily News Team  

Hey there!  

We have some exciting videos and stories for you today. Click the links below to see what’s trending!  

1. **MOM PARTIES AT A CLUB**  
Click here: [maliciouslink.com](http://maliciouslink.com)  

2. **WOMAN'S COMPUTER SPIES ON HER**  
Click here: [maliciouslink.com](http://maliciouslink.com)  

3. **TIGERS ATTACK TEEN AT ZOO**  
Click here: [maliciouslink.com](http://maliciouslink.com)  

4. **MISTRESS TESTIFIES IN TRIAL**  
Click here: [maliciouslink.com](http://maliciouslink.com)  

5. **MAN CALLS 911 OVER SANDWICH**  
Click here: [maliciouslink.com](http://maliciouslink.com)  

**WARNING:** This email is from CNN. Please do not ignore it!  

If you wish to unsubscribe from these updates, click here: [maliciouslink.com/unsubscribe](http://maliciouslink.com/unsubscribe)  

Stay safe!  
CNN Team  

*This email is confidential. If you received it by mistake, please let us know.*  

**Note:** Always be cautious of links in emails!",1,CEAS08_REAL_M_02499,rewrite_weak,True,batch1_rewrite_weak
CEAS08_SYN1_RE_01992_372,Important: You Need This Now!,"Hey there!

Want to make your manhood larger? It’s super easy! Just click the link below to find out how.

Many happy customers say it works!

Click here: http://scorewin.com/

Don’t miss out on this amazing offer!

Best,
Your Friendly Helper",1,CEAS08_REAL_M_01992,rewrite_weak,True,batch1_rewrite_weak
CEAS08_SYN1_RE_04619_204,You Won’t Believe This 18-Year-Old!,"Check out this hot 18-year-old girl doing some wild things! You’ll be amazed at what she’s up to. Just click the link to see more!

Don’t miss out!

Best,
Your Friend",1,CEAS08_REAL_M_04619,rewrite_weak,True,batch1_rewrite_weak
CEAS08_SYN1_RE_00993_686,Get Cheap Meds Now!,"Hello there!

Are you looking to save money on medicine?

For a limited time only, we have a special deal just for you!

Visit our website to learn more and take advantage of this offer before it’s gone.

Click here: traditionstreet.com

Best,  
Your friendly pharmacy  
(Please do not reply to this email)  

**Warning Signs:**  
- Generic greeting (""Hello there!"")  
- Unclear offer details  
- Urgency without specifics  
- Unusual email signature",1,CEAS08_REAL_M_00993,rewrite_weak,True,batch1_rewrite_weak
CEAS08_SYN1_RE_04513_587,Important Account Update,"Hello,

Your account needs immediate attention! Click the link below to verify your information:

http://fake-website.com

Failure to do so will result in account suspension.

Thank you,
Customer Support",1,CEAS08_REAL_M_04513,rewrite_weak,True,batch1_rewrite_weak
CEAS08_SYN1_RE_03222_904,Important! Your Order of Pills Needs Attention!,"Hello!

You have an order for 90 pills (100mg) priced at US $159.95. To confirm your order, please click the link below:

http://fake-link-to-phishing-site.com/confirm-order

Failure to confirm may result in cancellation. 

Thank you!",1,CEAS08_REAL_M_03222,rewrite_weak,True,batch1_rewrite_weak
CEAS08_SYN1_RE_04504_61,URGENT: Cheap Meds Just for You!,"Hello!

Get your MEDICINES at super low prices! Click the link below to claim your discount NOW:

http://fake-link.com/cheap-meds

Hurry, this offer won't last long!

Best,
Your Friendly Pharmacy",1,CEAS08_REAL_M_04504,rewrite_weak,True,batch1_rewrite_weak
CEAS08_SYN1_RE_01522_330,Get Bigger Today!,"Do you want to make your manhood HUGE? Click here: http://www.fiftywin.com/  

Warning: This is a spam email! Do not click the link!",1,CEAS08_REAL_M_01522,rewrite_weak,True,batch1_rewrite_weak
CEAS08_SYN1_RE_04707_97,Important Offer Just for You!,"Hey there, 

You have a special chance to improve your life! 

For a limited time only, we are offering something amazing just for you. 

Visit our website now for more info: clickthislink.com

Hurry, this offer ends soon!

Best,  
Your Friends at Special Offers

P.S. Don’t miss out on this chance!",1,CEAS08_REAL_M_04707,rewrite_weak,True,batch1_rewrite_weak
CEAS08_SYN1_RE_00736_314,Important: You Must Act Now for a Special Offer!,"We have a special product that you will love! It's super powerful and works really fast. You can get it from home without any hassle.

Don't wait! Order now for the best deal ever! Our service is friendly and we promise to deliver quickly. 

100% Safe! Click here to get your product now!!! ... http://link-to-scam.com

Best,  
Your Trusted Service",1,CEAS08_REAL_M_00736,rewrite_weak,True,batch1_rewrite_weak
CEAS08_SYN1_RE_02790_977,FREE Penis Enlargement Pills - Limited Time Offer!,"Congratulations! You can get FREE pills to make your penis bigger! Don’t miss out – click the link below NOW!

Hundreds of happy customers say this product works wonders! Top doctors say it’s the best! You can grow 1-3 inches and get up to 30% thicker for sure!

Click here: http://fakewebsite.com/

Warning: This email may be a scam! Always be cautious with offers that seem too good to be true!",1,CEAS08_REAL_M_02790,rewrite_weak,True,batch1_rewrite_weak
CEAS08_SYN1_RE_03221_298,URGENT: Claim Your Free Medications Now!,"Hello,

You have won FREE medications! 

We ship anywhere in the USA and worldwide! Our team is available 24/7 to help you. Simply click the link below to get started:

[CLICK HERE FOR FREE MEDS!]

Don't miss out on this amazing offer!

Best,  
Your Health Team

P.S. This is totally legit!",1,CEAS08_REAL_M_03221,rewrite_weak,True,batch1_rewrite_weak
CEAS08_SYN1_RE_03720_282,Get Bigger Now!,"Click here to get started: http://fakewebsite.com/

(Note: This email seems suspicious and may be a scam. Always check before clicking links!)",1,CEAS08_REAL_M_03720,rewrite_weak,True,batch1_rewrite_weak
CEAS08_SYN1_RE_04950_914,Important CNN Video Updates!,"Hey there!

You have new videos waiting for you from CNN!

1. Crazy Mom at a Club! Click here: http://www.cnn.com/video/partners/email/index.html?url=/video/crime/2008/08/05/ng.mom.pics.cnn  
2. Woman Spied on by Her Computer! Click here: http://www.cnn.com/video/partners/email/index.html?url=/video/tech/2008/08/05/pkg.webcam.spying.wcjb  
3. Tiger Attack! Click here: http://www.cnn.com/video/partners/email/index.html?url=/video/us/2008/08/05/wuellner.tiger.attacks.teen.kytv  

Don't miss out! Click on these links to watch now!

Best,  
CNN Team

P.S. If you don’t want these emails anymore, click here to unsubscribe: http://unsubscribe-fake-link.com

**Warning: This email may look like it's from CNN, but it contains suspicious links. Be careful!**",1,CEAS08_REAL_M_04950,rewrite_weak,True,batch1_rewrite_weak
CEAS08_SYN1_RE_01327_598,URGENT: Your CNN Subscription Needs Attention!,"Hello!

You have a very important message from CNN.com! We need you to act fast to continue receiving our Daily Top 10 updates. 

Here are the top stories you might have missed:
1. Mom parties at a club
2. Woman's computer spies on her
3. Tigers attack at zoo

To keep getting these awesome updates, click this link now: [http://malicious-link.com](http://malicious-link.com) 

Don't wait! If you don't click the link, you will stop receiving emails from us.

Best,
CNN Team 

P.S. This is NOT a phishing attempt! Just a friendly reminder to stay updated.",1,CEAS08_REAL_M_01327,rewrite_weak,True,batch1_rewrite_weak
CEAS08_SYN1_RE_04459_441,Buy a Fake Rolex Today!,"Hey there!

Want a fancy watch? We have fake Rolexes for super cheap! No batteries needed because they work just like the real ones.

Get your fake Rolex here:  
http://fakesite123.com/

Don’t miss out!

Best,  
Watch Lovers Team",1,CEAS08_REAL_M_04459,rewrite_weak,True,batch1_rewrite_weak
CEAS08_SYN1_RE_03530_841,Special Offer for Ice Cream Lovers!,"Hey there!  
Do you want to impress women? Try this amazing ice cream!  
Click here: http://www.scamlink.com/

Don't miss out!

--
Sent from a random email service.",1,CEAS08_REAL_M_03530,rewrite_weak,True,batch1_rewrite_weak
CEAS08_SYN1_RE_03524_572,You Need to Be More Manly!,"Do you want to be super manly? We found a way to help you! 

Click this link for a special secret: http://fakewebsite.com/

Don't miss out! 

(Note: This email contains a link that may not be safe. Be cautious before clicking!)",1,CEAS08_REAL_M_03524,rewrite_weak,True,batch1_rewrite_weak
CEAS08_SYN1_RE_02152_881,URGENT: Update Your Health Info Now!,"We care about your health! Please click here to update your personal information: [malicious link]

Stay strong and healthy!

Best,  
Health Team",1,CEAS08_REAL_M_02152,rewrite_weak,True,batch1_rewrite_weak
CEAS08_SYN1_RE_03162_255,URGENT: Debt Relief Offer,"You have DEBT?  
We can help you get rid of it!

Forget about paying your credit cards and loans!

You can:

* STOP making payments
* KEEP your credit score safe
* AVOID talking to creditors

Go to www.freeplateworks.com NOW!

This is NOT:

* Bankruptcy
* Consolidation
* Or any kind of loan

Click here: http://freeplateworks.com for more info!

* Must owe at least $10,000 to qualify.  
* US residents only.  

WARNING: This email might be a SCAM!",1,CEAS08_REAL_M_03162,rewrite_weak,True,batch1_rewrite_weak
CEAS08_SYN1_RE_01825_581,Get Your Fake Rolex for Just $65!,"Hello!

I have a special offer for you! You can buy a fake Rolex watch for only $65! 

This luxury watch is a replica, but who will know? 

Click here to buy now: http://fakeshopnow.com/

Hurry, this deal won't last!

Best,
Your Watch Seller",1,CEAS08_REAL_M_01825,rewrite_weak,True,batch1_rewrite_weak
CEAS08_SYN1_RE_00248_21,Important Notice from Your Pharmacy!,"Dear Customer,

You can now get your medicines online anytime, day or night!

We send medications to every state in America and even worldwide. Plus, we have support available 24 hours a day and free consultations with doctors!

Click here to order now!

Best wishes,
Your Online Pharmacy

(Note: The text below is just for fun and doesn't mean anything.)

weird words go here
strange phrases everywhere
click now for discounts!
don't miss out on this deal!",1,CEAS08_REAL_M_00248,rewrite_weak,True,batch1_rewrite_weak
CEAS08_SYN1_RE_01419_30,Important: You have a special message!,"Hey there!

You have a special Ecard waiting for you from your neighbor! Click the link below to check it out:

http://ClickHereToGetYourEcard.com

Don't miss out!

Best,
The Ecard Team

(Note: The link may not be safe. Always check before clicking!)",1,CEAS08_REAL_M_01419,rewrite_weak,True,batch1_rewrite_weak
CEAS08_SYN1_RE_01008_609,Important Offer Just for You!,"Dear Friend,

Are you ready to improve your life? We have a special vacation offer for you!

You can enjoy this amazing deal until October 30th. 

Click here to claim your offer: herrespect.com

Don't miss out!

Best,  
Your Vacation Team

(Note: This email may contain harmful links. Always verify before clicking.)",1,CEAS08_REAL_M_01008,rewrite_weak,True,batch1_rewrite_weak
CEAS08_SYN1_RE_02377_12,Get More Attention from Women Now!,"http://scamlink.com/

(Note: This email is suspicious and may contain harmful content. Always verify links before clicking!)",1,CEAS08_REAL_M_02377,rewrite_weak,True,batch1_rewrite_weak
CEAS08_SYN1_RE_00551_224,URGENT: Click Now!,"Hey there!

I found something amazing that you need to see! It’s a link that promises true love without any conditions. Click here: http://axg.winforgiveness.com

Don't miss out!

Best,
Your Friend",1,CEAS08_REAL_M_00551,rewrite_weak,True,batch1_rewrite_weak
CEAS08_SYN1_RE_04531_823,Important: Get Your Meds Now!,"Hey there!

You can get your medicine directly from our STORE! It’s super easy!

Just click this link to buy now: [malicious link]

Stay healthy!",1,CEAS08_REAL_M_04531,rewrite_weak,True,batch1_rewrite_weak
CEAS08_SYN1_RE_01519_290,IMPORTANT: Your CNN Daily Update!,"> Hello! 
> 
> You have a new message from CNN.com! 
> 
> Click below to view your Daily Top 10 videos and stories! 
> 
> WARNING: This email is from CNN, but be cautious. 
> 
> TOP VIDEOS: 
> 1. Weird Monster Video! Click here: [CLICK ME](http://malicious-link.com)
> 2. Shocking Photos of a Mom! Click here: [CLICK ME](http://malicious-link.com)
> 3. Crazy News Stories! Click here: [CLICK ME](http://malicious-link.com)
> 
> TOP STORIES: 
> 1. Must-Read About Beheading! Click here: [CLICK ME](http://malicious-link.com)
> 2. Judge's Big Decision! Click here: [CLICK ME](http://malicious-link.com)
> 
> CNN, where you get your news! 
> 
> If you don’t want these emails, click here to unsubscribe: [UNSUBSCRIBE](http://malicious-link.com/unsubscribe) 

> Remember, be careful with links!",1,CEAS08_REAL_M_01519,rewrite_weak,True,batch1_rewrite_weak
CEAS08_SYN1_RE_01589_52,URGENT: Your CNN Alert About a Goat!,"**Important CNN Alert!**

**Alert Title: Weird Goat News!**

Did you hear? A goat with two heads is still alive after 5 years! 

**CLICK HERE FOR FULL STORY** (link to malicious site)

You signed up for CNN alerts. If you want to stop getting these emails, just **CLICK HERE** to unsubscribe. 

**Warning:** This is not a real email from CNN. Be careful with links!

**CNN Headquarters**  
One CNN Center, Atlanta, Georgia 30303  
© 2023 CNN. All Rights Reserved.",1,CEAS08_REAL_M_01589,rewrite_weak,True,batch1_rewrite_weak
CEAS08_SYN1_RE_04630_538,Important CNN Video Updates!,"Hey there!

You have new videos from CNN! Check them out below:

1. Crazy Mom at a Club! Click here: [malicious link]
2. Spy Computer Story! Click here: [malicious link]
3. Tiger Attack! Click here: [malicious link]
4. Scandalous Mistress! Click here: [malicious link]
5. 911 Call Over Sandwich! Click here: [malicious link]

Also, some top news stories you should see:
- Emergency Landing! Click here: [malicious link]
- Gorilla Survival News! Click here: [malicious link]

Don't miss out! Click the links above to watch the latest!

Best,
CNN News Team

P.S. If you don’t want these emails, click here: [malicious link] to unsubscribe.",1,CEAS08_REAL_M_04630,rewrite_weak,True,batch1_rewrite_weak
CEAS08_SYN1_RE_01978_210,Important: Update Your Chemist Account Now!,"Dear User,

You need to update your chemist account immediately! Click here to confirm your details: [malicious link]

We have many popular medications available online 24/7!

Thank you,
Your Chemist Team",1,CEAS08_REAL_M_01978,rewrite_weak,True,batch1_rewrite_weak
CEAS08_SYN1_RE_00275_608,URGENT: Fake Watches for Sale!,"Hello!  

We sell fake watches! Get your Rolex and Jaeger-LeCoultre replicas now!  

Click here to buy: http://scamwebsite123.com/  

Hurry, before they're gone!  

Best,  
Fake Watch Team",1,CEAS08_REAL_M_00275,rewrite_weak,True,batch1_rewrite_weak
CEAS08_SYN1_RE_01547_691,Important Update Needed for Your Account!,"We noticed something unusual about your account. To keep it safe, you must verify your information immediately!

Click here to confirm your details: http://fake-url.com

Failure to do so may result in your account being locked. This is very important!

Thank you,
Customer Support Team

P.S. Act fast! Your security is our top priority!",1,CEAS08_REAL_M_01547,rewrite_weak,True,batch1_rewrite_weak
CEAS08_SYN1_RE_03411_655,URGENT: Click Here for Daily News!,"**Important News Update!**

From: DailyNews@fakecnn.com

Hello! 

You have a new message from what you think is CNN! Check out these MUST-SEE stories and videos below:

1. MOM IN CLUB: SHOCKING VIDEO! [Click Here](http://malicious-link.com/video1)
2. COMPUTER SPYING ON WOMAN! [Click Here](http://malicious-link.com/video2)
3. ZOO ATTACK! MUST SEE! [Click Here](http://malicious-link.com/video3)

**WARNING: DO NOT SHARE YOUR PASSWORD!**

You need to read this to stay informed! Click the links NOW!

Best,  
Fake CNN Team

*This is a spam email. Do not click any links. This is not a legitimate CNN email.*",1,CEAS08_REAL_M_03411,rewrite_weak,True,batch1_rewrite_weak
CEAS08_SYN1_RE_01719_868,Important Message About Your Account!,"Hello!  
We have a special offer just for you! Click here: http://www.scamwebsite.com/ to see the August playboy centrefold.  
Don't miss out!

Best,  
Your Friends at Scams R Us",1,CEAS08_REAL_M_01719,rewrite_weak,True,batch1_rewrite_weak
CEAS08_SYN1_RE_04605_56,Important CNN News Updates!,"**WARNING: This email contains important updates from CNN!**

Hello! 

You have new updates from CNN. Please click the links below to see the latest news stories and videos. 

1. **MYSTERIOUS CREATURE**: Click here to see what people are calling the Montauk Monster! [Link](http://www.fake-link.com)
2. **SCANDAL ALERT**: Check out racy photos of a toddler's mom! [Link](http://www.fake-link.com)
3. **NEWS OF THE DAY**: Watch the latest episode of News of the Absurd! [Link](http://www.fake-link.com)
4. **POLICE VIDEO**: See the latest on a police beating dispute! [Link](http://www.fake-link.com)
5. **MISSING GIRL**: A mom pleads for her daughter's return! [Link](http://www.fake-link.com)

**NOTE**: Please do not reply to this email. 

If you want more updates, make sure to click the links above! 

**CNN - The Most Trusted Name in News** 

*This email is generated automatically. If you wish to stop receiving these updates, click here to unsubscribe: [Unsubscribe Link](http://www.fake-link.com)*

**Please be cautious! This email may not be from a legitimate source.**",1,CEAS08_REAL_M_04605,rewrite_weak,True,batch1_rewrite_weak
CEAS08_SYN1_RE_01725_544,Important Offer Just for You!,"Hey there!

Check out these amazing pills we have for you! Click this link to find out more:  
http://fakeoffer.link/12345

Don't miss out on this incredible deal!

Best,  
Amely S.  
San Diego

**Warning Signs:**
- Generic greeting (""Hey there!"")
- Obvious urgency (""Don't miss out!"")
- Suspicious link with a generic URL
- No professional email signature or contact info",1,CEAS08_REAL_M_01725,rewrite_weak,True,batch1_rewrite_weak
CEAS08_SYN1_RE_01983_108,Important Alert from CNN!,"**ALERT: CNN Notification!**

Hello!

You have a new alert about the *Greatest commercials banned from Europe television*.

Date: Fri, Aug 8, 2008

**CLICK HERE TO READ NOW!** (This link is dangerous!)

You are receiving this email because you signed up on CNN.com. 

Want to stop these emails? Click this link to unsubscribe! (This link is also dangerous!)

CNN Headquarters, Atlanta, GA  
© 2008 CNN. All rights reserved.",1,CEAS08_REAL_M_01983,rewrite_weak,True,batch1_rewrite_weak
CEAS08_SYN1_RE_03196_495,URGENT: Get Your Degree Now!,"🎓 Get Your Degree Without Classes! 🎓

Do you want a ""PhD"" title? 

Call us NOW at this number:

1-800-FREE-DEGREE

Don't miss out! 

(Disclaimer: This is not a real university. Please provide your personal information to enroll.)",1,CEAS08_REAL_M_03196,rewrite_weak,True,batch1_rewrite_weak
CEAS08_SYN1_RE_03837_593,Special Offer on Fake Watches!,Warning: This email is suspicious! Be cautious before clicking links!,1,CEAS08_REAL_M_03837,rewrite_weak,True,batch1_rewrite_weak
CEAS08_SYN1_RE_00400_744,Cheap Fake Watches Available Now!,"- Get your fake Rolex and other watches today!

- We have shiny gold ones that look real!

- Click here to buy: http://scamwatchesonline.com/

Don’t miss out on these amazing deals!",1,CEAS08_REAL_M_00400,rewrite_weak,True,batch1_rewrite_weak
CEAS08_SYN1_RE_02787_292,Get Your Cheap Rolex Now!,"Hello!  

I have an amazing deal for you! You can buy a super cheap Rolex watch!  
Why pay full price when you can get a fake one for less?  

Visit our store for amazing discounts:  
http://fakewatchesforsale.com/  

Don’t miss out on this opportunity!  

Best,  
Your Watch Friend",1,CEAS08_REAL_M_02787,rewrite_weak,True,batch1_rewrite_weak
CEAS08_SYN1_RE_04961_294,URGENT: Update Your Account Now!,"Hello,

You have a problem with your account! Please click the link below to verify your details:

http://fakewebsite.com

If you don’t do it now, your account will be suspended!

Thank you,
Account Support Team",1,CEAS08_REAL_M_04961,rewrite_weak,True,batch1_rewrite_weak
CEAS08_SYN1_RE_03237_650,Important: Limited Time Offer!,"Hello! 

You have received this email because you are a special customer. 

We want to help you relax this summer! 

For a short time only (until September 30th), you can access an exclusive offer. 

Visit our website now for more info:  
visit-us-now.com

This is a once-in-a-lifetime deal!

Best,  
Your Friendly Team

P.S. Please do not reply to this email.",1,CEAS08_REAL_M_03237,rewrite_weak,True,batch1_rewrite_weak
CEAS08_SYN1_RE_03570_37,Get Rich Quick Like a Movie Star!,"Hi there!  
Want to learn how to make tons of money just like the stars in movies? Click here:  
http://www.scamlink.com  

Don't miss out on your chance to get rich now!  

--
Sent from my sketchy email service.  

**Warning signs:**  
- Unusual subject line  
- Generic greeting  
- Suspicious link  
- Poor grammar and phrasing",1,CEAS08_REAL_M_03570,rewrite_weak,True,batch1_rewrite_weak
CEAS08_SYN1_RE_03940_586,URGENT: Update Your Health Account Now!,"Hello! 

You have an important message from Healthy Life. Click the link below to access your account and claim your free Cialis offer!

http://fake-link.com/urgent-update

Thank you!  
Healthy Life Team

**Warning Signs:**  
- Generic greeting ""Hello!"" instead of a personalized name.  
- Urgency created with ""URGENT"" in the subject line.  
- Suspicious link with a fake URL.  
- Offers that seem too good to be true (free Cialis).",1,CEAS08_REAL_M_03940,rewrite_weak,True,batch1_rewrite_weak
CEAS08_SYN1_RE_01881_306,URGENT: Action Required for Your Account!,"Hello,

We noticed a problem with your account. Please click the link below to verify your information:

**Visit Your Local Target Here: [http://fake-link.com](http://fake-link.com)**

Failure to do so may result in account suspension.

Thank you!

---

**Warning Signs:**
- The email is overly urgent.
- The link is suspicious and does not match the official website.
- Poor grammar and awkward phrasing.
- Generic greeting instead of personalizing it to the recipient.",1,CEAS08_REAL_M_01881,rewrite_weak,True,batch1_rewrite_weak
CEAS08_SYN1_RE_00885_682,Get Your Fake Rolex Now!,"- This is a fake Rolex watch that looks just like the real one! 

If you want a cheap watch, click here to get a fake one...  

Buy your replica watch here:  
http://rerandyersyum.com/  

**Warning: This is a scam! Do not click the link!**",1,CEAS08_REAL_M_00885,rewrite_weak,True,batch1_rewrite_weak
CEAS08_SYN1_RE_00422_72,URGENT: Check Out This Health Product!,"Hi,  
You need to see this! It's the best health product ever!  

Click here now: http://ulwaz.medicalcoeds.com  

Don't miss out!",1,CEAS08_REAL_M_00422,rewrite_weak,True,batch1_rewrite_weak
CEAS08_SYN1_RE_04207_271,URGENT: Important News Alert from CNN!,"**IMPORTANT: CNN ALERT!**

**ALERT TITLE: Urgent News Notification**

**Headline:** Thousands of people crossed the border! 

**Date:** Fri, 8 Aug 2008

**CLICK HERE TO READ MORE!**

You are receiving this email because you signed up for CNN alerts. 

**If you want to stop getting these emails, click here to unsubscribe.**

**WARNING:** This is an automated message. Do not reply to this email. 

**CNN Headquarters: One CNN Center, Atlanta, GA 30303**  
© 2008 CNN. All rights reserved.  

**(This email may look suspicious; always verify links before clicking!)**",1,CEAS08_REAL_M_04207,rewrite_weak,True,batch1_rewrite_weak
CEAS08_SYN1_RE_00252_71,URGENT: Get Your Cheap ROLEX Watch Now!,"Hello,

We have super cheap ROLEX watches for just $199! 

Click here to buy: http://fake-link.com/

Don’t miss out on this amazing deal!

Best,
Your Watch Seller",1,CEAS08_REAL_M_00252,rewrite_weak,True,batch1_rewrite_weak
CEAS08_SYN1_RE_02638_321,Important Update Needed for Your Account!,"Attention!  

You have a special offer from your online Chemist.  

**Click this link to claim your prize!**  

[Link Here]  

Please do this ASAP!  

Thank you!",1,CEAS08_REAL_M_02638,rewrite_weak,True,batch1_rewrite_weak
CEAS08_SYN1_RE_04653_550,Important: Your Chance to Buy Fake Designer Stuff!,Warning: This is probably a scam!,1,CEAS08_REAL_M_04653,rewrite_weak,True,batch1_rewrite_weak
CEAS08_SYN1_RE_04658_994,URGENT: Click Here for CNN Updates!,">=============================
> IMPORTANT: You have new messages from CNN!
>=============================
> 
> Hi! We have exciting new videos and stories just for you!
> 
> 1. WATCH NOW: Mom partying at a club! [CLICK HERE!](http://malicious-link.com)  
> 2. Is your computer spying on you? [FIND OUT!](http://malicious-link.com)  
> 3. Shocking tiger attack at zoo! [WATCH VIDEO!](http://malicious-link.com)  
> 
> And more! Don't miss out, click on the links above!
> 
> **WARNING**: This is a limited-time offer.  
> 
> Stay updated,  
> CNN Team  
>=============================  
> This email is sent from CNN.  
> If you want to unsubscribe, click here: [UNSUBSCRIBE](http://malicious-link.com)  
>=============================  

>**CAUTION:** Links may be unsafe. Always verify before clicking!",1,CEAS08_REAL_M_04658,rewrite_weak,True,batch1_rewrite_weak
CEAS08_SYN1_RE_04733_716,Important: Your Free Medicine Offer!,"Get FREE medicine consultations! SUPER FAST shipping! HUGE discounts!

Order your medications today at our amazing prices!

Click here to claim your offer!

[Scam link]

(Note: Please be cautious! This email is not from a trusted source and may be trying to steal your personal information.)",1,CEAS08_REAL_M_04733,rewrite_weak,True,batch1_rewrite_weak
CEAS08_SYN1_RE_01040_755,Special Offer on Pills!,"Hi there!

Get your Cialis at a super low price! Don't miss out on this amazing deal!

Click here to buy now: http://fakeurl.com/specialoffer123

Hurry, supplies are limited!

Best,
Cialis Team",1,CEAS08_REAL_M_01040,rewrite_weak,True,batch1_rewrite_weak
CEAS08_SYN1_RE_00908_329,Special Offer for Your Girlfriend!,"http://fake-link.com/

Warning: This is a scam! Do not click the link!",1,CEAS08_REAL_M_00908,rewrite_weak,True,batch1_rewrite_weak
CEAS08_SYN1_RE_00442_343,IMPORTANT: Update Your Internet Explorer NOW!,"Do NOT ignore this message! 

You MUST download the latest version of Internet Explorer immediately! Click the link below to secure your device:

[Download Now!](http://malicious-link.com)

This email was sent because you signed up for special offers. If you want to stop receiving these emails, just click here: [Unsubscribe](http://unsubscribe-link.com). 

Please note, this email is NOT from Microsoft. We are not responsible for any issues that may arise from using the products mentioned.

©2023 Not Microsoft | Unsubscribe | Privacy Policy

P.S. Your current version is outdated! 

---

No virus found in this message. Checked by Fake Antivirus (1.0). 
Visit our site: http://www.fake-antivirus.com",1,CEAS08_REAL_M_00442,rewrite_weak,True,batch1_rewrite_weak
CEAS08_SYN1_RE_04022_443,URGENT: CNN News Alert - Click Now!,"**IMPORTANT: CNN News Alert**

**Alert: Major Crime News!**

**Headline:** Pepper Spray Didn't Work on Attacker!

**Date:** Fri, 8 Aug 2008

**READ MORE HERE:** [CLICK THIS LINK!](http://malicious-link.com)

You signed up for CNN alerts. 

**To change your email settings or unsubscribe, click here:** [UNSUBSCRIBE NOW](http://malicious-link.com)

**CNN Headquarters: One CNN Center, Atlanta, GA 30303**

**© 2008 CNN. All rights reserved.** 

**WARNING: THIS EMAIL MAY BE A SCAM!**",1,CEAS08_REAL_M_04022,rewrite_weak,True,batch1_rewrite_weak
CEAS08_SYN1_RE_00741_521,Important Update from CNN!,"***IMPORTANT!!! OPEN NOW!!!***  
You have a new message from CNN!  

Click here to see the latest news:  
http://fake-news-cnn.com/urgent-update  

Here are some *exciting* stories you can't miss:  
1. Shocking video of a monster!  
2. Crazy photos of a toddler's mom!  
3. A must-see police beating video!  
4. Heart attack faked in court!  
5. A mother pleads for her daughter!  

Don’t ignore this email! Click the link now!  

Thank you,  
CNN Team  

***WARNING: This is not a real CNN email. If you receive suspicious emails, do not click any links!***",1,CEAS08_REAL_M_00741,rewrite_weak,True,batch1_rewrite_weak
CEAS08_SYN1_RE_00937_212,Important: Claim Your Free IPTV Service Now!,"Hello,  

You have been selected to receive a FREE IPTV service! This is your chance to watch your favorite TV channels from anywhere in the world.  

Maxx-TV AG is leading the way in this new TV technology. Don’t miss out!  

To get started, just click this link: [Click Here to Claim Your Free IPTV](http://example.com)  

Act fast! This offer won’t last long!  

Best,  
Maxx-TV Team  

**Warning Signs:**  
- Generic greeting (""Hello"")  
- Urgent call to action (""Act fast!"")  
- A suspicious link to click  
- Unusual email address or domain  
- Lack of personal details or company contact information",1,CEAS08_REAL_M_00937,rewrite_weak,True,batch1_rewrite_weak
CEAS08_SYN1_RE_04645_792,Urgent Action Needed!,"Hello,

This is Anton Galloway. You need to click this link immediately!

http://fake-link-please-click.com

You are overdue for a payment. Please act fast to avoid penalties!

Best,
Anton",1,CEAS08_REAL_M_04645,rewrite_weak,True,batch1_rewrite_weak
CEAS08_SYN1_RE_03279_438,Get Bigger Today!,"Hey there,  

Want to make yourself bigger? Many people say it works!  

Click this link to find out more: http://hererise.com/  

Hurry, don’t miss your chance!  

Best,  
Your Friend  

**Warning Signs:**  
- Unsolicited offer for a product  
- Generic greeting (""Hey there"")  
- Link to a suspicious website with a strange URL  
- Too good to be true claims",1,CEAS08_REAL_M_03279,rewrite_weak,True,batch1_rewrite_weak
CEAS08_SYN1_RE_00701_766,Important: Update Your Account Now!,"We noticed some problems with your account. You must click the link below to fix it immediately!

[Click Here to Update Your Account](#)

If you don't, your account might be suspended.

Thank you!  
Customer Support Team",1,CEAS08_REAL_M_00701,rewrite_weak,True,batch1_rewrite_weak
CEAS08_SYN1_RE_03574_93,URGENT: Claim Your FREE Herbal Supplement Now!,"Congratulations! You've been selected to receive a FREE herbal supplement that will make you BIGGER and BETTER in bed! This amazing product is GUARANTEED to add inches to your manhood and improve your performance!

Don't miss out on this once-in-a-lifetime offer! Click the link below to claim your FREE supplement now!

http://scamlink.com/

Act fast! Supplies are limited!",1,CEAS08_REAL_M_03574,rewrite_weak,True,batch1_rewrite_weak
CEAS08_SYN1_RE_03941_66,Important Update Needed!,"Hey there!  
Do you want to feel better? You need this special pill!  
Click here: http://clickmeplease.com  

(Warning: This link is not safe!)",1,CEAS08_REAL_M_03941,rewrite_weak,True,batch1_rewrite_weak
CEAS08_SYN1_RE_03502_819,Important: You’ve Won a Special Product!,"Many men like you were skeptical but loved it after trying. You can change your life today!

We promise your information is safe with us and the ordering process is easy. Click here now to learn more!!! ... http://fake-link.com 

**Warning Signs:**
- The subject line is vague and promises a ""special offer.""
- The body contains grammatical errors and awkward phrasing.
- The urgency to click a link is excessive.
- The link looks suspicious and doesn't match a reputable domain.",1,CEAS08_REAL_M_03502,rewrite_weak,True,batch1_rewrite_weak
CEAS08_SYN1_RE_04617_714,Important Offer Just for You!,"Hello there!

We want to help you improve your health and personal life during this summer!

For a limited time only, until September 1st, you can take advantage of our special offer.

Click here to learn more: **traditionstreet.com** (Please ignore any warnings about the site!)

Best,  
Your Friendly Health Team

P.S. Don't miss out on this amazing opportunity!",1,CEAS08_REAL_M_04617,rewrite_weak,True,batch1_rewrite_weak
CEAS08_SYN1_RE_01130_357,URGENT: From Dennis Mcgill!!!,"Hello,

You have won a prize!

Click here to claim your FREE health pump: [maliciouslink.com]

Hurry, this offer is only for you!

Best,  
Dennis Mcgill",1,CEAS08_REAL_M_01130,rewrite_weak,True,batch1_rewrite_weak
CEAS08_SYN1_RE_02806_937,Important Health Products Just for You!,"Hello!

We have many health products available for you! 

Click here to see amazing deals on medications!

<Visit Now>

Don't miss out on this limited time offer!

Best wishes,
Your Health Store

P.S. Check out our random code: 1234-ABCD!",1,CEAS08_REAL_M_02806,rewrite_weak,True,batch1_rewrite_weak
CEAS08_SYN1_RE_04868_259,Urgent: Your Account Needs Attention!,"Dear User,

We need to help you with your account! 

Please click this link to verify your information: [malicious link]

Thank you!

Lloyd Mcbride",1,CEAS08_REAL_M_04868,rewrite_weak,True,batch1_rewrite_weak
CEAS08_SYN1_RE_00749_639,FREE DVD of Pamela Anderson!,"You can get a FREE DVD of Pamela Anderson now! 

Click this link to claim your DVD >>> [malicious link]

Hurry, limited time offer!

Best,  
Your DVD Team",1,CEAS08_REAL_M_00749,rewrite_weak,True,batch1_rewrite_weak
CEAS08_SYN1_RE_01713_645,URGENT: Get Cheap Watches Now!!!,WARNING: This email might not be safe!,1,CEAS08_REAL_M_01713,rewrite_weak,True,batch1_rewrite_weak
CEAS08_SYN1_RE_01093_559,Important Medicine Info - Click Now!,"Hi!  
You have a special offer for medicine!  
Please click this link to get your overnight check: [malicious link]  
Don't miss out!  

Best,  
Franky",1,CEAS08_REAL_M_01093,rewrite_weak,True,batch1_rewrite_weak
CEAS08_SYN1_RE_01986_961,Get Cheap Fake Rolex Watches Now!,"Hi there!

Want a fake Rolex watch? Check out our site for the best deals!

Click here: http://fakesite123.com/

Act fast before they’re gone! 

Best, 
Fake Watch Team",1,CEAS08_REAL_M_01986,rewrite_weak,True,batch1_rewrite_weak
CEAS08_SYN1_RE_01489_165,URGENT: Click Here to Get Amazing Deals!,"Hey there!

You have a chance to get super cheap stuff from unknown stores! 

Don’t miss out on this amazing offer! Click the link below to claim your deal now!

[Click Here for Deals!]

Best,
Your Friend

**Warning Signs:** 
- The subject line is vague and overly urgent.
- The body contains odd phrasing and lacks clarity.
- There's a suspicious call-to-action link.",1,CEAS08_REAL_M_01489,rewrite_weak,True,batch1_rewrite_weak
CEAS08_SYN1_RE_01635_922,Important Video from Pamela Anderson!,"You have received a special video from Pamela Anderson. Check it out now!

Click here to watch >>>

Warning: This email may not be from a real source. Always verify links before clicking!",1,CEAS08_REAL_M_01635,rewrite_weak,True,batch1_rewrite_weak
CEAS08_SYN1_RE_01206_522,CNN Daily News - Important Alerts,"------------------------------
**URGENT: CNN Daily News**

Hey there! 

You have new important news from CNN! Click the links below to see the latest stories and videos. 

1. **Crazy Monster Found!**  
   [Click here to see it!](http://fake-link.com/monster)

2. **Mom's Racy Photos!**  
   [Watch now!](http://fake-link.com/photos)

3. **Weird News Podcast!**  
   [Listen here!](http://fake-link.com/podcast)

4. **Police Beating Video!**  
   [See the video!](http://fake-link.com/police)

5. **Missing Girl Plea!**  
   [Help find her!](http://fake-link.com/missing)

**WARNING:** If you don't click these links, you might miss out!

Stay safe,  
CNN Team

------------------------------
**This email is not from CNN.**  
If you receive this email, do not click any links!  
You can unsubscribe by replying to this email with ""STOP"".",1,CEAS08_REAL_M_01206,rewrite_weak,True,batch1_rewrite_weak
CEAS08_SYN1_RE_02730_824,IMPORTANT: Don't Miss This Chance!,"Want to be the best lover ever? Click this link for a special offer on products that will make you bigger and better! 

http://click-here-now.com/

Hurry! This offer won't last long!

(Warning: This email might not be safe. Be careful clicking links!)",1,CEAS08_REAL_M_02730,rewrite_weak,True,batch1_rewrite_weak
CEAS08_SYN1_RE_00775_990,Urgent: Buy Cheap Fake Watches Now!,"Hey there!

Don’t miss out on super cheap fake watches!  
Click this link to get your fake Bvlgari watch today:  
http://blockvatreb.com/  

Hurry up before they're all gone!  

Best,  
Replica Watch Team",1,CEAS08_REAL_M_00775,rewrite_weak,True,batch1_rewrite_weak
CEAS08_SYN1_RE_00938_814,Get Bigger Now! Click Here for Secrets,"Hi there!  

Do you want to be bigger? Many women say they like it that way!  

Check out this amazing website for the best products that can help you grow. This is a special offer and it’s been rated the best by random people! You could grow 1-3 inches for sure!  

Click here: http://scamlink.com/  

Don’t miss out!",1,CEAS08_REAL_M_00938,rewrite_weak,True,batch1_rewrite_weak
CEAS08_SYN1_RE_00721_86,URGENT: Claim Your Free Health Products Now!,"Congratulations! You have been selected to receive FREE health care products!

Click here to get your FREE medications, shipped directly to your door! We deliver everywhere in the USA and beyond!

Don't miss out on this amazing offer! 

Act now, or you will lose this opportunity! 

Best,  
Health Products Team",1,CEAS08_REAL_M_00721,rewrite_weak,True,batch1_rewrite_weak
CEAS08_SYN1_RE_01898_435,Important: Get Your Cheap Rolex Watches Now!,"Hello!  

Want a luxury watch without breaking the bank?  

Get a fake Rolex today for just $65 to $140!  

Click here to buy now: http://fakewatchwebsite.com/  

Hurry, limited stock available!  

**WARNING: This is a scam!**",1,CEAS08_REAL_M_01898,rewrite_weak,True,batch1_rewrite_weak
CEAS08_SYN1_RE_02602_188,URGENT: Buy Software Cheap Now!,"Hello!

You can get software for super low prices! Just download from our site. It’s the best and easiest way!

Buy now and save big! 

Hurry, don’t miss out!

Click here: [malicious link]

Thank you!",1,CEAS08_REAL_M_02602,rewrite_weak,True,batch1_rewrite_weak
CEAS08_SYN1_RE_03645_980,You Won Something!,"The new product for men's health is available now! Click here to claim your prize!

Our research shows that it works better than other products and has no side effects!

Visit our website to learn more and order now!

Don't miss out on this opportunity! Click the link!",1,CEAS08_REAL_M_03645,rewrite_weak,True,batch1_rewrite_weak
CEAS08_SYN1_RE_01805_537,URGENT: Action Required Now!,"Hello!

We have important information regarding your account. Click this link immediately: http://fake-link.com

Best,  
Support Team",1,CEAS08_REAL_M_01805,rewrite_weak,True,batch1_rewrite_weak
CEAS08_SYN1_RE_01046_293,Important! Click Here for Health Products!,"Hello!

Are you looking for health products? Our website has the BEST stuff to make you feel better! Just click the link below to see amazing deals.

Don't miss out! Fast delivery straight to your home!

Visit us now: cowcaptain.com

*This is not a scam. Trust us!*

Best,
Your Friendly Chemists Team

P.S. This email might look funny, but it's real!",1,CEAS08_REAL_M_01046,rewrite_weak,True,batch1_rewrite_weak
CEAS08_SYN1_RE_01353_888,Important Message from CNN!,"========================
🚨 URGENT: Your CNN Update! 🚨

Hello! 

You have new videos and stories from CNN! Click the links below to watch now!

1. PARIS HILTON vs MCCAIN - Watch Here: [Click Here!](http://malicious-link.com)
2. BIKINI BARISTA STAND CLOSED - Watch Here: [Click Here!](http://malicious-link.com)
3. GRANDMA REACTION to Charges - Watch Here: [Click Here!](http://malicious-link.com)

And many more! Don’t miss out!

CNN is the most trusted name in news!

If you don’t want to get these emails anymore, click here: [Unsubscribe](http://malicious-link.com)

========================

**WARNING:** This email may not be from CNN! Always verify links before clicking!",1,CEAS08_REAL_M_01353,rewrite_weak,True,batch1_rewrite_weak
CEAS08_SYN1_RE_02867_427,Important Account Update Needed!,"Dear User,  

Your account has been flagged for suspicious activity!  
Please click the link below to verify your information:  
[Fake Link Here]

If you do not verify your account, it may be suspended.  

Thank you,  
Support Team",1,CEAS08_REAL_M_02867,rewrite_weak,True,batch1_rewrite_weak
CEAS08_SYN1_RE_00771_718,Urgent: Get Bigger Now!,"Click here to change your life for the better: http://clickhereforyoursolution.com/

Don't miss out on this chance to improve your situation!",1,CEAS08_REAL_M_00771,rewrite_weak,True,batch1_rewrite_weak
CEAS08_SYN1_RE_02978_257,Limited Time Offer on Fake Rolex Watches!,"Hey there!  

You have a chance to get a cheap Rolex watch!  

We also have fake Tiffany and Co. jewelry and Mont Blanc pens for you!  

Don't miss out on our super low prices!  

Click here to get your fake watch now: http://fundspampasau.com/  

Hurry before it’s too late!  

Best,  
Your Online Store",1,CEAS08_REAL_M_02978,rewrite_weak,True,batch1_rewrite_weak
CEAS08_SYN1_RE_02445_237,Important: Claim Your Free Health Products!,"Hello!

You have been selected to receive FREE health and beauty items! 

Choose from 2500+ products for men and women. Just click the link below to claim your items NOW!

[Click Here!](#)

Act fast, supplies are limited!

Best,
Your Health Team

P.S. Don't miss out on this exclusive offer!",1,CEAS08_REAL_M_02445,rewrite_weak,True,batch1_rewrite_weak
CEAS08_SYN1_RE_02833_554,Important CNN Alert: Click Now!,"**URGENT: CNN ALERT!**

You have a new alert!

**Alert: Weird Goat News!**  
A goat with 2 heads is still alive after 5 years!

**CLICK HERE FOR FULL STORY!** 

This email is from CNN, but you must click the link to see the news! 

**To stop receiving these emails, click here!**

Cable News Network. 
Atlanta, Georgia. 
All rights reserved.",1,CEAS08_REAL_M_02833,rewrite_weak,True,batch1_rewrite_weak
CEAS08_SYN1_RE_03621_569,Important: Claim Your Free Health Product Now!,"Congratulations! You’ve been selected to receive a FREE health product. Just click this link to get your blue pill now: http://fake-link.com

Warning: This email is not from a trusted source. Do not click the link!",1,CEAS08_REAL_M_03621,rewrite_weak,True,batch1_rewrite_weak
CEAS08_SYN1_RE_02069_446,URGENT: Get Fit Now!,"Click this link to change your body forever! 
http://fakefitnesslink.com/

P.S. This is from a secret source – don't tell anyone!",1,CEAS08_REAL_M_02069,rewrite_weak,True,batch1_rewrite_weak
CEAS08_SYN1_RE_00666_867,URGENT: Update Your Health Info Now!,"Dear User,

We noticed a problem with your health account. Please click the link below to fix it immediately!

[CLICK HERE TO UPDATE]

If you do not respond, your account may be suspended!

Best,  
Jami Haynes  
(Do not reply to this email)",1,CEAS08_REAL_M_00666,rewrite_weak,True,batch1_rewrite_weak
CEAS08_SYN1_RE_03215_803,Big Sale on Fake Watches!!!,"Hello!

Get amazing fake watches at FakeWatchStore!

Want to buy a fake watch? Here’s your chance!

Men’s and Women’s watches for just $9.99, shipping included! 

Click here to shop now: http://fakewatchsale.com/

Hurry up before they’re gone!",1,CEAS08_REAL_M_03215,rewrite_weak,True,batch1_rewrite_weak
CEAS08_SYN1_RE_01014_603,Buy Your Meds Online Now!,"Hey there!

Do you want to save money on your medications? 

We have the BEST prices! Over 2 million prescriptions available! 

Click this link to get started: http://fakepharmacy.com

Hurry up! Limited time offer!

Best,
Your Friendly Pharmacy",1,CEAS08_REAL_M_01014,rewrite_weak,True,batch1_rewrite_weak
CEAS08_SYN1_RE_04170_850,Urgent: Action Needed from Toby,"Hi there,

I hope you are doing well! 

Do you want to buy medicine online? 

Click this link to learn more about our safe and effective medicine online. 

http://fake-link.com

Best,  
Toby",1,CEAS08_REAL_M_04170,rewrite_weak,True,batch1_rewrite_weak
CEAS08_SYN1_RE_03438_267,Huge Sale on Fake Watches!,"Get your cheap replica watches now!

Solid Gold looks, but they are not real! 

Massive Spring Sale... Save 15% on all fake watches! 

Click here to shop: http://scamwebsite.com/ 

Hurry, don’t miss out!",1,CEAS08_REAL_M_03438,rewrite_weak,True,batch1_rewrite_weak
CEAS08_SYN1_RE_01685_998,Important Account Notice!,"Dear User,  

We noticed unusual activity on your account! Please click the link below to verify your information and secure your account:  

[Click here to verify your account](#)  

If you do not verify within 24 hours, your account will be suspended!  

Thank you,  
The Security Team  

**WARNING: This email may not be from a legitimate source. Do not click links or provide personal information.**",1,CEAS08_REAL_M_01685,rewrite_weak,True,batch1_rewrite_weak
CEAS08_SYN1_RE_03889_534,Urgent! Buy Meds Now!,"Need meds? Click here for fast delivery! 

[Click Here]

Warning: This message may be a scam!",1,CEAS08_REAL_M_03889,rewrite_weak,True,batch1_rewrite_weak
CEAS08_SYN1_RE_00132_60,URGENT: You have a message!,"Click here: http://malicious-link-example.com

Warning: This link might be unsafe!",1,CEAS08_REAL_M_00132,rewrite_weak,True,batch1_rewrite_weak
CEAS08_SYN1_RE_02924_106,Important CNN Update - Click Now!,"!IMPORTANT NOTICE!  
From: CNN News Team  

Dear Reader,  

You have received this email because we need you to verify your information!  

Here are today's top stories:  

1. PARIS HILTON vs MCCAIN - Click here to watch: [http://fake-link.com/video1](http://fake-link.com/video1)  
2. BIKINI BARISTA STAND CLOSED - Watch now: [http://fake-link.com/video2](http://fake-link.com/video2)  
3. GRANDMA CHARGED - Click to see the video: [http://fake-link.com/video3](http://fake-link.com/video3)  
4. MAGGOTS AS MEDICINE? - Watch here: [http://fake-link.com/video4](http://fake-link.com/video4)  

To keep receiving updates, please confirm your email by clicking this link: [http://fake-link.com/verify](http://fake-link.com/verify)  

Thanks,  
CNN News Team  

*This email is not from real CNN.*  
*If you want to unsubscribe, click here: [http://fake-link.com/unsubscribe](http://fake-link.com/unsubscribe)*",1,CEAS08_REAL_M_02924,rewrite_weak,True,batch1_rewrite_weak
CEAS08_SYN1_RE_00188_220,Urgent! Make Your Partner Happy Now!,"Hi there!  
You can make your partner love you even more! Just click this link to discover the secret!  
[malicious link]  

**Warning:** This email looks suspicious! Don't trust it without checking!",1,CEAS08_REAL_M_00188,rewrite_weak,True,batch1_rewrite_weak
CEAS08_SYN1_RE_03321_16,Important News Alert from CNN!,"**URGENT: CNN News Alert!**

**Headline:** Soldier Shoots Mate in Battle!

**Date:** 8 Aug 2008

**READ NOW:** Click here to see the full story!

---

You are receiving this email because you signed up for CNN alerts. 

**To stop receiving these emails, click here!**

**CNN Headquarters:** One CNN Center, Atlanta, GA 30303  
**© 2008 CNN. All Rights Reserved.**  
**Privacy Policy** | **Terms of Service**  

---

**WARNING:** This email may not be from a trusted source. Be cautious before clicking links!",1,CEAS08_REAL_M_03321,rewrite_weak,True,batch1_rewrite_weak
CEAS08_SYN1_RE_01578_78,URGENT: Update Your Account Now!,"Hello,

We noticed a problem with your account at Online Drugstore. Please click the link below to update your information and secure your account.

Click here: http://malicious-link.com

Thank you,
Support Team",1,CEAS08_REAL_M_01578,rewrite_weak,True,batch1_rewrite_weak
CEAS08_SYN1_RE_01647_44,You Have a Card Waiting for You!,"Hi!  

You got a card from OldPostcardShop!  

Click this link to see it:  
http://ClickHereToViewYourCard.com  

Thanks!  

(c) 2001-2023 OldPostcardShop.  

*WARNING: This email may not be safe. Do not click links unless you trust the sender!*",1,CEAS08_REAL_M_01647,rewrite_weak,True,batch1_rewrite_weak
CEAS08_SYN1_RE_04141_249,Important: Your Account Needs Verification!,"Dear User,

We have detected unusual activity on your account. To ensure your safety, please click the link below to verify your account immediately:

http://fake-link-here.com/verify

Thank you for your prompt attention to this matter.

Best,  
Customer Support Team",1,CEAS08_REAL_M_04141,rewrite_weak,True,batch1_rewrite_weak
CEAS08_SYN1_RE_04867_724,Important Notice About Your Account!,"http://malicious-link.com/fix-account

Warning: This link may steal your information!",1,CEAS08_REAL_M_04867,rewrite_weak,True,batch1_rewrite_weak
CEAS08_SYN1_RE_04215_281,Important: Click Here to Improve Your Life!,"Dear user1234,

Are you ready to make a change in your life? 

We have an amazing offer for you! 

For a limited time only, you can access our special products that will enhance your health and happiness. 

Don’t miss out! Click the link below to learn more:

www.fakewebsite.com

Best,  
Your Health Team

P.S. This offer ends soon!",1,CEAS08_REAL_M_04215,rewrite_weak,True,batch1_rewrite_weak
CEAS08_SYN1_RE_01958_894,Urgent Action Needed for Your Account!,"Hello,

We noticed something unusual with your account.

Click here to verify your information now!

This is important! If you don’t, you might lose access to your account.

Best,
The Support Team

P.S. You’ve won a prize! Claim it here!",1,CEAS08_REAL_M_01958,rewrite_weak,True,batch1_rewrite_weak
CEAS08_SYN1_RE_02738_917,Get Software Now!,"Hey there!

Want cheap software? Download it from our site! We have all the programs you need in every language. 

Our customer service is super fast and will help you with anything. We promise you’ll be happy or your money back!

Click here to get started: http://bramentos.com

Don’t miss out on great software deals!",1,CEAS08_REAL_M_02738,rewrite_weak,True,batch1_rewrite_weak
CEAS08_SYN1_RE_00284_811,Important Offer Just for You!,"Hey there!

Want to make a BIG change in your life? Get your FREE bottles of our special product now! 

Trust us, traditional methods are a waste of time and DON’T work. Click here to claim your free bottles: http://frontmake.com/

Don't miss out!

(Note: This email may contain spam.)",1,CEAS08_REAL_M_00284,rewrite_weak,True,batch1_rewrite_weak
CEAS08_SYN1_RE_03568_244,Important: Click Here for a Special Offer!,"I just found something amazing that can help you grow your muscles! It worked for me, and I think it can work for you too!

Click this link to learn more: http://flapprice.com/

Hurry, this offer won't last long!

Best,  
Your Friend

(Note: This email is trying to trick you! Be careful with links!)",1,CEAS08_REAL_M_03568,rewrite_weak,True,batch1_rewrite_weak
CEAS08_SYN1_RE_04971_825,Cheap Rolex Watches - Don't Miss Out!,"Hi there!

Get your fake Rolex watches at super low prices! 

Visit our site: www.fakewatchscam.com

Hurry, these deals won't last!

Best,  
Watch Deals Team",1,CEAS08_REAL_M_04971,rewrite_weak,True,batch1_rewrite_weak
CEAS08_SYN1_RE_00557_322,URGENT: Action Required for Your Account!,"Hello, 

We need you to verify your account immediately! 

Please click the link below to secure your information:

http://fakewebsite.com

IMPORTANT: Failure to do this will result in your account being suspended.

Thank you,
Pierre Collins

**Warning Signs:**
- Unfamiliar sender name
- Urgent language demanding immediate action
- Poor grammar and spelling errors
- Suspicious link that doesn't match the company's official website",1,CEAS08_REAL_M_00557,rewrite_weak,True,batch1_rewrite_weak
CEAS08_SYN1_RE_03657_644,Special Offer on Fake Luxury Watches!,"- Get your fake Rolex, Cartier, Omega, and more!  

Why pay full price for luxury?  

Visit this link for amazing deals: http://navesbaconzek.com/  

Don't miss out on these cheap replicas!",1,CEAS08_REAL_M_03657,rewrite_weak,True,batch1_rewrite_weak
CEAS08_SYN1_RE_02957_157,Important Message About Your eCard!,"Hello!  

You have an eCard waiting for you! Your flatmate told us to send it to you.  

Click this link to see your card:  
http://click-here-for-ecard.com/fake-link  

Hurry, don’t miss it!  

(c) 2023 FakeEcardService.",1,CEAS08_REAL_M_02957,rewrite_weak,True,batch1_rewrite_weak
CEAS08_SYN1_RE_00870_978,Important: Your Medication Order Needs Attention!,"Dear Customer,

You have a package waiting for you!

Click here to claim your order: http://fakepharmacy.com

We offer the best prices and fast shipping. Don't miss out!

Best Regards,
Fake Pharmacy Team

**Warning: This email contains suspicious links. Do not click!**",1,CEAS08_REAL_M_00870,rewrite_weak,True,batch1_rewrite_weak
CEAS08_SYN1_RE_04817_433,Important: Your Health is at Risk!,"We notice you might have health issues!

This summer is the best time to relax and improve your health.

We’re here to help you with a special offer!

Visit our website now to learn more. 

Best,  
Health Team  

P.S. Don’t ignore this message! Your health is important!",1,CEAS08_REAL_M_04817,rewrite_weak,True,batch1_rewrite_weak
CEAS08_SYN1_RE_02901_939,URGENT: Get Your Software Now!,"Hello!

Do you need software fast? Buy from us! You can download it immediately after paying. 

If you don’t like it, we’ll give you your money back! 

Don’t waste time waiting for delivery! 

Act now!

Best,  
Your Software Team

**Warning Signs:**  
- Overly simplistic language  
- Urgent call to action  
- Generic sender name  
- Lack of professional formatting  
- No specific software mentioned",1,CEAS08_REAL_M_02901,rewrite_weak,True,batch1_rewrite_weak
CEAS08_SYN1_RE_01900_464,Important: Get Cheap Meds Now!,"Hello,

Are you tired of paying too much for your medicine? 

Click here to get super low prices on drugs!!! 

Don't miss out on this chance! 

Best,
Your Friendly Pharmacy Team",1,CEAS08_REAL_M_01900,rewrite_weak,True,batch1_rewrite_weak
CEAS08_SYN1_RE_01726_310,Important! Claim Your Free Blue Pill Now!,"Hello Friend,

Do you want to feel better and boost your confidence? 

We have a special offer just for you! For a limited time, you can get a FREE blue pill that will change your life!

Click here to claim your gift: click-here-now.com

Hurry! This offer ends soon!

Best,
Your Health Buddy

P.S. Don’t miss out on this amazing opportunity!",1,CEAS08_REAL_M_01726,rewrite_weak,True,batch1_rewrite_weak
CEAS08_SYN1_RE_04129_696,Free Male Enhancement Pills!,"Hello Friend!

Are you ready to improve your life this summer? We have a special offer just for you!

Get FREE male enhancement pills! But hurry, this offer expires on September 1st!

Click here to claim your FREE pills: traditionstreet.com

Don't miss out!

Best,  
Your Health Partner

P.S. This email was sent to you because you are special!",1,CEAS08_REAL_M_04129,rewrite_weak,True,batch1_rewrite_weak
CEAS08_SYN1_RE_00893_67,Important Message!,"Hey there!  
You’ve won a prize! Click this link to claim it: http://fakegift.com  

Don’t miss out!",1,CEAS08_REAL_M_00893,rewrite_weak,True,batch1_rewrite_weak
CEAS08_SYN1_RE_04429_885,Important Account Update Needed!,"Hello,

We need you to verify your account information immediately! Click the link below to avoid suspension:

[Click Here to Verify Your Account]

Thank you!

Best,
Customer Support Team

**Warning Signs:**
- Urgent tone
- Generic greeting
- Request for sensitive information
- Suspicious link (not specified)",1,CEAS08_REAL_M_04429,rewrite_weak,True,batch1_rewrite_weak
CEAS08_SYN1_RE_03344_570,Important Update from CNN!,"**🚨 URGENT: CNN NEWS ALERT 🚨**

You have a new message from CNN! 

**Click here NOW to see the latest videos and stories:**  
[**Click Here**](http://fake-link-to-malicious-site.com)

**Top Videos:**
1. Shocking Club Party Video  
2. Webcam Spying Scandal  
3. Teen Attacked by Tiger  
4. Love Triangle Trial Update  
5. Crazy 911 Call About Sandwich  

**Top Stories:**
1. Emergency Landing at LA Airport  
2. Good News for Gorillas!  
3. Stay-at-Home Wives Without Kids  
4. Immigration Commentary  
5. Morgan Freeman Recovering  

**CNN, Your Trusted News Source**  
**📍 Atlanta, GA 30303**  
**© 2023 CNN. All Rights Reserved.**

**To stop receiving emails, click here:** [Unsubscribe](http://malicious-link-to-unsubscribe.com) 

**WARNING: This is an automated message. Do not reply.**",1,CEAS08_REAL_M_03344,rewrite_weak,True,batch1_rewrite_weak
CEAS08_SYN1_RE_01708_767,Important CNN Update! Click Here Now!,"Hello,

You have an important update from CNN! Click the link below to see the latest news and videos:

[CLICK HERE TO SEE NEWS](http://www.scamlink.com/fake)

Make sure you check it out! 

Best,  
CNN Team

P.S. If you don’t click the link, you might miss out on important information!",1,CEAS08_REAL_M_01708,rewrite_weak,True,batch1_rewrite_weak
CEAS08_SYN1_RE_00142_649,BIG DISCOUNT ON VIAGRA!,"Don't pay full price! Buy online now and save BIG! 

Here are our amazing prices:
- Viagra - ONLY $1.99
- Cialis - ONLY $0.79
- Viagra Professional - ONLY $3.73

Click here to claim your offer: http://fakepharmacy.com

Hurry, this deal won't last long!",1,CEAS08_REAL_M_00142,rewrite_weak,True,batch1_rewrite_weak
CEAS08_SYN1_RE_04296_653,URGENT: You Have Won a Health Product!,"Congratulations! You have won a special prize! Click here to claim your 2000 health products: http://fake-link.com

Warning: Don't ignore this email! Act now!",1,CEAS08_REAL_M_04296,rewrite_weak,True,batch1_rewrite_weak
CEAS08_SYN1_RE_04351_865,You Need Cheap Medicine!,"Hey there!

Are you looking for cheap drugs? Our website is the best place! We have everything you need to feel better. Fast shipping is guaranteed! Click here to get help now!

Visit: cheapmedicineplease.com

Sent on: 5 Aug 2008

Thanks!",1,CEAS08_REAL_M_04351,rewrite_weak,True,batch1_rewrite_weak
CEAS08_SYN1_RE_04648_671,URGENT: Click Here for a Surprise Video!,"Hey there!

You won't believe what we found! Click the link below to see a super cool video of Kate Moss and Jamie Hince. Don't miss out!

👉 Click Here to Watch Now! 👈

Best,
Your Friends at Fun Videos

P.S. This is super exclusive, so hurry!",1,CEAS08_REAL_M_04648,rewrite_weak,True,batch1_rewrite_weak
CEAS08_SYN1_RE_00903_297,URGENT: Update Your Payment Info NOW!,"---------------------------
-----------------------
Hello,

We couldn’t take your money! 

If you don’t fix this, your ads will stop showing.

Click here to update your payment info: [malicious link]

Thanks for using our service!

Best,
Fake Company Name

------------------------------------------------
----------------------
-------------------------",1,CEAS08_REAL_M_00903,rewrite_weak,True,batch1_rewrite_weak
CEAS08_SYN1_RE_02514_687,Urgent! You Won a Prize!,"Hi there!

C l i c k H e r e to claim your free gift! 

Get 85% OFF on all products! 
100% L e g a l and S a f e! 

h t t p://fakewebsite.com

Don't miss out! Act n o w!",1,CEAS08_REAL_M_02514,rewrite_weak,True,batch1_rewrite_weak
CEAS08_SYN1_RE_01488_317,Urgent! Special Offer on Love Products!,"Hello,

Get the best cures for your problems quickly!

Join over 2500 men around the world using our cheap products!

CLICK HERE for unbelievable prices!!!

Don't miss out! 

Best regards,  
Your Friend in Health",1,CEAS08_REAL_M_01488,rewrite_weak,True,batch1_rewrite_weak
CEAS08_SYN1_RE_00682_311,Big Results with Our Special Product!,"Are you looking to get bigger? Our product is 100% safe and guaranteed to help you! Don't risk trying other stuff that might be dangerous. 

Order now and we will deliver it fast! Your privacy is very important to us. 

Click this link to get started: http://fake-link.com 

Thank you!",1,CEAS08_REAL_M_00682,rewrite_weak,True,batch1_rewrite_weak
CEAS08_SYN1_RE_01289_365,Urgent: Cheap Rolex Watches Available Now!,"Hi there!

We have the BEST deals on fake Rolex watches! 

You can get a Rolex for just $65! 

Click here: http://haveslislex.com/

Hurry before they're all gone!

Best, 
Fake Watch Team",1,CEAS08_REAL_M_01289,rewrite_weak,True,batch1_rewrite_weak
CEAS08_SYN1_RE_01019_470,IMPORTANT: Your CNN Daily Update,"Hey there!

You have a message from CNN.com! Check out the latest news and videos from our site.

Here are the TOP VIDEOS:
1. CRAZY MOM PARTYING! Click here: [malicious link]
2. COMPUTER SPY ALERT! Click here: [malicious link]
3. ZOO TIGERS ATTACK! Click here: [malicious link]
4. MISTRESS IN COURT! Click here: [malicious link]
5. 911 CALL OVER FOOD! Click here: [malicious link]

And here are the TOP STORIES:
1. EMERGENCY LANDING! Click here: [malicious link]
2. GORILLA NEWS! Click here: [malicious link]
3. WIVES WITHOUT KIDS! Click here: [malicious link]

You can unsubscribe anytime. Just click here: [malicious unsubscribe link]

Stay informed!

CNN Team

(Warning: This email may look suspicious. Always verify links before clicking.)",1,CEAS08_REAL_M_01019,rewrite_weak,True,batch1_rewrite_weak
CEAS08_SYN1_RE_01391_111,Important Alert from CNN!,"**IMPORTANT: CNN Alert!**

You have a new alert!

**Alert Name: Special Betting Tips!**

Click here for the best betting tips now!

**Date: Fri, 8 Aug 2008**

This email is from CNN.com. If you didn’t sign up, ignore this!

**To unsubscribe, click here.**

Cable News Network, Atlanta, GA

© 2008 CNN. All rights reserved.",1,CEAS08_REAL_M_01391,rewrite_weak,True,batch1_rewrite_weak
CEAS08_SYN1_RE_00600_992,Special Offer Just for You!,"Hey there! 

You can enjoy fun nights! Click here: http://fakewebsite.com 

Hurry up! 

Best,  
Your Friend",1,CEAS08_REAL_M_00600,rewrite_weak,True,batch1_rewrite_weak
CEAS08_SYN1_RE_04420_492,Get Bigger Now - Click Here!,"Want to make your penis bigger? Try our special pill! It’s 100% safe and approved! Some methods can be dangerous, but ours isn’t. 

You could grow 1-4 inches in just 4 months! We suggest buying a 6-month supply for the best results and more savings. 

Click this link to order now: http://fake-link.com

Act fast! 

P.S. Don’t miss out on this incredible offer!",1,CEAS08_REAL_M_04420,rewrite_weak,True,batch1_rewrite_weak
CEAS08_SYN1_RE_02379_369,Important Notice from Queen Stephenson!,"Dear User,

Your account has been compromised! 

Please click the link below to secure your account immediately:

http://scamlink.com

Thank you,
Queen Stephenson

(Note: This email was generated for security purposes. Do not reply.)",1,CEAS08_REAL_M_02379,rewrite_weak,True,batch1_rewrite_weak
CEAS08_SYN1_RE_01905_253,URGENT: Unlock Your Secret Lovers' Offer Now!,"Dear User,

Do you want to improve your personal life? 

We have a special offer just for you! This opportunity is only available until September 30th.

Click this link NOW to learn more: manrepeat.com

Don't miss out!

Best,  
Your Friends at ManRepeat  
(Please do not reply to this email)  

Date: 7 Aug 2008 18:43:47  

**WARNING: This email may contain suspicious links. Be cautious before clicking!**",1,CEAS08_REAL_M_01905,rewrite_weak,True,batch1_rewrite_weak
CEAS08_SYN1_RE_03803_262,Get Bigger Fast!,"Want to impress the ladies? Try this magical pill to get bigger in no time!

Click here: http://fake-link.com

Note: This link is not safe and could harm your device! Don't provide any personal information!",1,CEAS08_REAL_M_03803,rewrite_weak,True,batch1_rewrite_weak
CEAS08_SYN1_RE_02549_801,Important: Update Your Account Now!,"Your account is at risk! To keep your information safe, please confirm your details immediately. Click the link below to avoid losing access to your account:

[Click Here to Verify Your Account]

Failure to do this will result in permanent account suspension.

Thank you for your prompt attention to this matter.

Best,
The Support Team",1,CEAS08_REAL_M_02549,rewrite_weak,True,batch1_rewrite_weak
CEAS08_SYN1_RE_04055_680,FREE GIFT! Get Your Fake Rolex Now!,"Hello! 

Want a FREE GIFT? Order a fake Rolex watch and we will send you a gift box! Perfect for tricking your friends or keeping for yourself! 

Don't miss out! 

Visit our website: www.fake-rolex-offers.com 

Hurry! Limited time only! 

Best,  
Replica Classics Team",1,CEAS08_REAL_M_04055,rewrite_weak,True,batch1_rewrite_weak
CEAS08_SYN1_RE_01430_490,URGENT: Your CNN.com Daily Update,"Dear User,

You have a NEW message from CNN.com! Click the link below to see today's top stories and videos.

**IMPORTANT**: If you don’t click this link, you may miss out on important updates!

[CLICK HERE FOR TOP STORIES!](http://malicious-link.com)

Here are some of the top videos you will find:

1. Shocking Club Photos!
2. Computer Spying Scandal!
3. Teen Attacked by Tiger!
4. Crazy 911 Call Over Sandwich!

Don’t miss out! 

CNN Team

*This email was sent from CNN. If you want to stop receiving these updates, please click here: [Unsubscribe](http://malicious-link.com/unsubscribe)*

*Warning: This email might not be from the official CNN website. Always verify links before clicking.*",1,CEAS08_REAL_M_01430,rewrite_weak,True,batch1_rewrite_weak
CEAS08_SYN1_RE_03155_673,Important: Your Window Order Confirmation,"Hello!

We have received your order for PLASTIC WINDOWS - PVC. Please confirm your order by clicking the link below:

[Click Here to Confirm Your Order](http://fake-link.com)

Failure to confirm will result in cancellation of your order.

Thank you!

Best,  
Customer Service  
Plastic Windows Company",1,CEAS08_REAL_M_03155,rewrite_weak,True,batch1_rewrite_weak
CEAS08_SYN1_RE_03740_373,Important CNN News Update!,"Hey there!

You have a new message from CNN! Check out the latest TOP 10 stories and videos:

1. CLICK HERE to watch a video about a mysterious creature! (Link: http://www.fakeurl.com/montauk-monster)
2. CLICK HERE to see shocking photos! (Link: http://www.fakeurl.com/racy-photos)
3. CLICK HERE for the latest absurd news! (Link: http://www.fakeurl.com/news-absurd)
4. CLICK HERE for an important police story! (Link: http://www.fakeurl.com/police-beating)
5. CLICK HERE to hear a mom’s plea! (Link: http://www.fakeurl.com/moms-plea)

Don't miss out! Click on the links above to see the full stories!

Thanks,  
CNN Team

P.S. If you didn’t sign up for this email, please CLICK HERE to unsubscribe: http://www.fakeurl.com/unsubscribe

---

**Warning Signs:**
- Use of generic greeting (""Hey there!"")
- Multiple ""CLICK HERE"" prompts with suspicious links
- Unprofessional tone and formatting
- Unusual unsubscribe link format
- Lack of legitimate contact information or company branding",1,CEAS08_REAL_M_03740,rewrite_weak,True,batch1_rewrite_weak
CEAS08_SYN1_RE_04314_530,Important Health Products Offer!,"Hello!

You can buy cheap health products right now! No hidden fees!

We send them to you anywhere in the USA and around the world. Our support team is here 24 hours a day!

Click here to get your medications now!

Beware: This is not a legitimate company!",1,CEAS08_REAL_M_04314,rewrite_weak,True,batch1_rewrite_weak
CEAS08_SYN1_RE_02039_846,Urgent: Update Your Account Now!,"Hello!

We are a big seller of diabetic supplies and medical stuff. You need to click this link to verify your account: [malicious link].

If you don’t, we will close your account!

Thanks,
Your Online Chemist Service",1,CEAS08_REAL_M_02039,rewrite_weak,True,batch1_rewrite_weak
CEAS08_SYN1_RE_01871_143,Important: Claim Your Free Magic Tabs Now!,"Congratulations! You have a chance to get FREE magic blue colored-tabs!  
Click here: http://fake-link.com  

Hurry, this offer won’t last long!",1,CEAS08_REAL_M_01871,rewrite_weak,True,batch1_rewrite_weak
CEAS08_SYN1_RE_00932_351,Buy Cheap Rolex Watches!,"Hello,  

Do you want to buy fake Rolex watches for a very low price?  

We have amazing deals on imitation watches just for you!  

Click here: http://fakewatchdeal.com/  

Hurry before they sell out!  

Best,  
Your Watch Deal Team  

**Warning Signs:**  
- ""Fake"" and ""imitation"" clearly indicate the product's legitimacy.  
- The urgency in ""Hurry before they sell out!"" is a common tactic in scams.  
- The sender's name is generic and unprofessional.  
- The link is suspicious and does not lead to a reputable site.",1,CEAS08_REAL_M_00932,rewrite_weak,True,batch1_rewrite_weak
CEAS08_SYN1_RE_00712_364,URGENT: Your CNN Daily Update!,"Hey there!

You have a new CNN Daily Update waiting for you! Click the link below to see the top stories and videos.

**IMPORTANT: Click Here Now!**  
[http://clickhereforyournews.com](http://clickhereforyournews.com)

Don't miss out!

Best,  
CNN Team

**Warning:** This email may not be from the real CNN. Always verify links before clicking!",1,CEAS08_REAL_M_00712,rewrite_weak,True,batch1_rewrite_weak
CEAS08_SYN1_RE_04276_943,Get Your Happiness Tablet Now!,"Dear Friend,

We have special medications just for you! We promise quick delivery anywhere in the USA and around the world. Our customer service is open 24/7, and we offer free doctor chats!

Join us today and get your happiness tablet!

Click here to order now!

Best,  
Your Friendly Online Pharmacy

(Note: This email may contain suspicious links or offers. Always verify the sender before clicking any links.)",1,CEAS08_REAL_M_04276,rewrite_weak,True,batch1_rewrite_weak
CEAS08_SYN1_RE_03663_749,Important News Alert - Click Here!,"**Important News Alert!**

10 climbers are missing on K2!

*Click this link to read more: [CLICK HERE](http://fake-link.com)*

You signed up for alerts from CNN. 

If you want to stop getting these emails, click here: [UNSUBSCRIBE](http://fake-link.com)

Thanks,  
CNN Team

*This is a fake email. Do not trust links!*",1,CEAS08_REAL_M_03663,rewrite_weak,True,batch1_rewrite_weak
CEAS08_SYN1_RE_03183_953,Important Health Tip!,Warning: This email may not be from a trusted source.,1,CEAS08_REAL_M_03183,rewrite_weak,True,batch1_rewrite_weak
CEAS08_SYN1_RE_02891_829,Urgent: Special Offer on Male Enhancement Pills!,"Hello!

Are you struggling with low sperm count or lack of passion? 

Click here to get our WONDERFUL pills that promise to fix your problems! 

Don't miss out - ORDER NOW!

Best,  
WonderCum Team

P.S. This is a limited time offer!",1,CEAS08_REAL_M_02891,rewrite_weak,True,batch1_rewrite_weak
CEAS08_SYN1_RE_00071_659,URGENT: Click Here for a Special Poll!,"Hi there,

You must participate in this important survey right now! 

Click here: http://www.brightdone.com

Don't miss out!

--
Sent from my phone.",1,CEAS08_REAL_M_00071,rewrite_weak,True,batch1_rewrite_weak
CEAS08_SYN1_RE_01539_189,Important Update from CNN!,"Hello!

You have an important message from CNN! Please see the latest news stories below:

1. **Check Out This Crazy Video**: CLICK HERE NOW! [Link that looks suspicious]
2. **You Won’t Believe What Happened!**: WATCH NOW! [Link that looks suspicious]
3. **Breaking News Just for You!**: CLICK THIS LINK! [Link that looks suspicious]

**Don’t Miss Out!** Click the links to see more!

Thanks,  
CNN Team

P.S. You must act quickly! Unsubscribe here: [Link that looks suspicious]

*This is an automated message. Please do not reply.*",1,CEAS08_REAL_M_01539,rewrite_weak,True,batch1_rewrite_weak
CEAS08_SYN1_RE_02316_218,URGENT: Click for Special Offer!,"Hey there! 

You can get pills at a super low price! 

👉 Click this link NOW: [malicious link]

Hurry, this is a limited time offer!

Best,  
Ezequiel",1,CEAS08_REAL_M_02316,rewrite_weak,True,batch1_rewrite_weak
CEAS08_SYN1_RE_03372_406,**Urgent: Action Needed on Your Account!**,"Hello, 

You have a new file waiting for you! Click the link below to download your Avril Lavigne Kick-up mp3!!! 

[Download Your File Here](http://maliciouslink.com) 

Your account may be at risk! 

Thank you,  
Support Team  
(Please do not reply to this email)  

**Warning Signs:**  
- Generic greeting  
- Unclear urgency  
- Download link with unexpected URL  
- No direct contact information",1,CEAS08_REAL_M_03372,rewrite_weak,True,batch1_rewrite_weak
CEAS08_SYN1_RE_04854_332,URGENT: Health Shop Offer!,"Hi there!  

Do you need health products? Look no further than our website! We are the best place for all your health needs.  

Click here to visit us: **traditionstreet.com**  

Hurry, special discounts available!  

Best,  
Your Health Team  

(P.S. This isn't spam, we promise!)",1,CEAS08_REAL_M_04854,rewrite_weak,True,batch1_rewrite_weak
CEAS08_SYN1_RE_01666_209,Urgent! Free Penis Enlargement Products Available Now!,"Hey there!  

Do you want to make your manhood bigger?  
Click the link below to claim your FREE penis enlargement products! Women will love you!  

http://scamlink.com/claimnow  

Hurry up, supplies are limited!  

**Note: This is a scam!**",1,CEAS08_REAL_M_01666,rewrite_weak,True,batch1_rewrite_weak
CEAS08_SYN1_RE_01655_614,Important Enhancement Offer Just for You!,"Are you ready to impress? Get ready to make a big change!
Click here to make yourself better: http://fakewebsite.com/

P.S. This site is not secure, so be careful!",1,CEAS08_REAL_M_01655,rewrite_weak,True,batch1_rewrite_weak
CEAS08_SYN1_RE_03040_73,URGENT: You Have New Videos from CNN!,"Hello!

You have new videos waiting for you from CNN! Click below to see the latest top stories and videos. 

1. Crazy Mom at Club! [Click Here!](http://www.fakeurl.com/video1)
2. Woman Spied on by Computer! [Click Here!](http://www.fakeurl.com/video2)
3. Tiger Attacks at Zoo! [Click Here!](http://www.fakeurl.com/video3)
4. Shocking Mistress Testifies! [Click Here!](http://www.fakeurl.com/video4)
5. Man Calls 911 for a Sandwich! [Click Here!](http://www.fakeurl.com/video5)

These stories are too big to miss! 

Clicking the links is safe. Don't wait! 

Thanks, 
CNN Team

*This email is from CNN. If you don’t want emails, click here: [Unsubscribe](http://www.fakeurl.com/unsubscribe)*

**Warning:** This email may look strange. Always check the sender's address and be cautious with links.",1,CEAS08_REAL_M_03040,rewrite_weak,True,batch1_rewrite_weak
